https://github.com/Millennium-Solver

Optimal_Bin_Packing_1d\B - 1_000_n\range 1-10000\date.2022-12-23

/**
 * Multiset
 *
 * Sum(Multiset) = 4934327
 */
https://www.random.org/integer-sets/?sets=1&num=1000&min=1&max=10000&seqnos=on&commas=on&sort=on&order=index&format=html&rnd=date.2022-12-23
21, 42, 43, 48, 49, 54, 59, 67, 69, 80, 96, 116, 125, 127, 131, 142, 153, 194, 228, 234, 242, 244, 260, 322, 325, 333, 338, 343, 345, 348, 358, 361, 371, 378, 386, 389, 394, 399, 402, 427, 431, 432, 452, 465, 475, 478, 482, 484, 488, 497, 517, 519, 524, 550, 558, 565, 567, 596, 598, 599, 602, 604, 609, 613, 636, 638, 639, 642, 643, 645, 647, 681, 691, 698, 708, 712, 717, 720, 723, 729, 731, 748, 752, 758, 765, 790, 812, 814, 829, 831, 834, 838, 845, 851, 857, 874, 875, 879, 884, 885, 888, 889, 892, 893, 894, 896, 906, 913, 925, 941, 947, 948, 954, 961, 975, 990, 996, 1002, 1005, 1014, 1035, 1042, 1071, 1076, 1088, 1104, 1111, 1117, 1133, 1148, 1174, 1188, 1190, 1193, 1196, 1198, 1203, 1218, 1237, 1248, 1252, 1255, 1260, 1272, 1304, 1306, 1313, 1335, 1356, 1368, 1371, 1380, 1423, 1425, 1488, 1505, 1511, 1530, 1532, 1533, 1541, 1552, 1557, 1561, 1562, 1564, 1588, 1592, 1605, 1613, 1614, 1615, 1619, 1649, 1672, 1674, 1675, 1677, 1693, 1698, 1699, 1718, 1729, 1736, 1756, 1757, 1759, 1762, 1782, 1788, 1797, 1804, 1805, 1823, 1841, 1842, 1843, 1854, 1922, 1928, 1930, 1932, 1951, 1967, 1981, 1982, 1986, 1990, 2019, 2035, 2040, 2062, 2065, 2067, 2082, 2083, 2087, 2089, 2090, 2095, 2107, 2117, 2128, 2131, 2155, 2165, 2216, 2229, 2233, 2237, 2257, 2261, 2278, 2298, 2309, 2311, 2317, 2322, 2357, 2360, 2381, 2383, 2392, 2394, 2403, 2406, 2408, 2410, 2411, 2426, 2444, 2447, 2450, 2459, 2473, 2475, 2477, 2531, 2548, 2557, 2559, 2568, 2580, 2584, 2589, 2594, 2595, 2608, 2609, 2612, 2615, 2621, 2632, 2637, 2638, 2639, 2640, 2646, 2657, 2667, 2675, 2680, 2690, 2692, 2712, 2716, 2726, 2731, 2741, 2745, 2750, 2773, 2778, 2785, 2791, 2793, 2797, 2812, 2853, 2891, 2893, 2903, 2917, 2922, 2927, 2930, 2945, 2947, 2952, 2963, 2976, 2986, 2989, 3004, 3007, 3019, 3024, 3025, 3026, 3027, 3029, 3038, 3042, 3063, 3073, 3089, 3090, 3091, 3095, 3113, 3138, 3140, 3154, 3172, 3176, 3187, 3189, 3219, 3222, 3226, 3231, 3237, 3239, 3247, 3286, 3289, 3303, 3316, 3327, 3329, 3353, 3355, 3361, 3372, 3376, 3377, 3383, 3387, 3389, 3392, 3410, 3411, 3435, 3439, 3449, 3452, 3459, 3462, 3472, 3478, 3479, 3485, 3486, 3498, 3518, 3521, 3546, 3555, 3559, 3582, 3606, 3615, 3640, 3657, 3669, 3670, 3695, 3705, 3713, 3715, 3716, 3718, 3731, 3733, 3737, 3756, 3765, 3769, 3779, 3781, 3782, 3788, 3817, 3846, 3855, 3860, 3864, 3868, 3869, 3875, 3894, 3933, 3934, 3947, 3950, 3971, 3972, 3980, 3981, 4003, 4008, 4010, 4013, 4020, 4031, 4041, 4087, 4102, 4120, 4122, 4127, 4140, 4148, 4171, 4181, 4183, 4187, 4213, 4214, 4224, 4225, 4249, 4261, 4265, 4269, 4276, 4277, 4280, 4292, 4314, 4330, 4335, 4351, 4354, 4363, 4402, 4411, 4415, 4422, 4438, 4450, 4452, 4454, 4456, 4460, 4468, 4470, 4497, 4500, 4502, 4509, 4510, 4515, 4535, 4537, 4547, 4563, 4564, 4565, 4579, 4582, 4592, 4604, 4605, 4608, 4641, 4655, 4657, 4671, 4675, 4688, 4697, 4714, 4715, 4721, 4722, 4749, 4765, 4770, 4794, 4807, 4810, 4818, 4834, 4845, 4849, 4856, 4868, 4874, 4897, 4899, 4918, 4921, 4926, 4934, 4940, 4946, 4948, 4949, 4952, 4953, 4965, 4970, 5047, 5054, 5061, 5082, 5086, 5087, 5097, 5102, 5106, 5117, 5118, 5126, 5129, 5133, 5137, 5140, 5154, 5167, 5171, 5197, 5207, 5216, 5224, 5229, 5230, 5248, 5250, 5255, 5267, 5268, 5271, 5272, 5281, 5283, 5291, 5293, 5296, 5320, 5367, 5378, 5399, 5401, 5407, 5438, 5449, 5450, 5463, 5500, 5503, 5505, 5507, 5515, 5525, 5538, 5563, 5569, 5571, 5580, 5596, 5603, 5628, 5632, 5637, 5647, 5665, 5673, 5677, 5678, 5685, 5703, 5709, 5730, 5744, 5774, 5779, 5790, 5805, 5808, 5814, 5820, 5855, 5858, 5859, 5876, 5878, 5886, 5926, 5944, 5950, 5951, 5964, 5965, 5967, 5976, 5980, 5982, 5997, 6005, 6027, 6039, 6041, 6047, 6060, 6083, 6095, 6103, 6106, 6130, 6136, 6159, 6160, 6168, 6207, 6212, 6221, 6271, 6272, 6275, 6276, 6293, 6301, 6311, 6323, 6351, 6360, 6366, 6371, 6421, 6454, 6462, 6463, 6466, 6467, 6479, 6501, 6515, 6517, 6526, 6529, 6530, 6556, 6579, 6585, 6586, 6596, 6612, 6623, 6634, 6647, 6654, 6660, 6671, 6687, 6698, 6700, 6702, 6706, 6709, 6723, 6737, 6749, 6754, 6765, 6786, 6814, 6823, 6828, 6831, 6836, 6854, 6865, 6873, 6883, 6889, 6904, 6923, 6967, 6979, 7024, 7025, 7047, 7055, 7079, 7083, 7091, 7101, 7116, 7128, 7138, 7149, 7150, 7181, 7208, 7213, 7217, 7227, 7239, 7243, 7245, 7247, 7256, 7258, 7264, 7290, 7301, 7352, 7371, 7373, 7378, 7381, 7387, 7408, 7415, 7429, 7437, 7450, 7451, 7459, 7464, 7471, 7483, 7490, 7497, 7498, 7525, 7539, 7545, 7550, 7557, 7559, 7583, 7596, 7598, 7599, 7608, 7626, 7646, 7650, 7651, 7656, 7679, 7685, 7687, 7689, 7692, 7705, 7717, 7719, 7726, 7746, 7773, 7781, 7788, 7801, 7814, 7815, 7821, 7837, 7838, 7839, 7840, 7844, 7863, 7873, 7878, 7885, 7891, 7896, 7899, 7901, 7904, 7917, 7930, 7942, 7960, 7961, 7987, 7989, 8004, 8005, 8014, 8019, 8026, 8049, 8065, 8076, 8112, 8128, 8152, 8207, 8212, 8223, 8224, 8225, 8243, 8246, 8253, 8261, 8269, 8299, 8301, 8315, 8328, 8364, 8392, 8395, 8417, 8420, 8422, 8426, 8441, 8449, 8496, 8502, 8515, 8547, 8569, 8571, 8592, 8597, 8599, 8605, 8622, 8640, 8649, 8650, 8652, 8661, 8662, 8684, 8703, 8714, 8716, 8754, 8761, 8776, 8786, 8821, 8829, 8834, 8844, 8853, 8857, 8866, 8870, 8877, 8892, 8899, 8900, 8907, 8915, 8916, 8935, 8942, 8959, 8964, 8975, 8979, 8980, 8991, 9026, 9028, 9031, 9032, 9033, 9046, 9048, 9071, 9074, 9082, 9128, 9129, 9130, 9155, 9192, 9205, 9208, 9209, 9210, 9230, 9232, 9234, 9285, 9288, 9289, 9295, 9307, 9322, 9329, 9332, 9340, 9360, 9369, 9384, 9398, 9403, 9414, 9420, 9422, 9428, 9435, 9444, 9449, 9459, 9469, 9471, 9472, 9476, 9477, 9481, 9495, 9503, 9505, 9508, 9512, 9517, 9527, 9533, 9536, 9538, 9545, 9555, 9577, 9587, 9595, 9597, 9606, 9632, 9643, 9655, 9656, 9662, 9670, 9674, 9675, 9676, 9680, 9684, 9694, 9704, 9706, 9712, 9719, 9722, 9731, 9757, 9761, 9774, 9792, 9793, 9798, 9802, 9804, 9809, 9810, 9815, 9820, 9831, 9834, 9841, 9843, 9845, 9855, 9890, 9904, 9910, 9919, 9926, 9932, 9941, 9946, 9957, 9967, 9973, 9981, 9993, 9995

/**
 * Index
 */
https://www.random.org/integers/?num=1&min=0&max=999&col=5&base=10&format=html&rnd=date.2022-12-23
207

/**
 * Multiset[Index]+= n
 */
Multiset[Index]+= 5673
Sum(Multiset)   = 4940000 

/**
 * Partition
 */
Capacity = 20000
K_       = Sum(Multiset)  / Capacity  = 247
Limit    = ceil(Size(Multiset) / K_) <= (5)

[[4563,7559,7878],[4794,7550,7656],[4810,7539,7651],[4849,7525,7626],[4934,7483,7583],[4965,7490,7545],[5087,7415,7498],[5281,7290,7429],[5603,7024,7373],[5730,7025,7245],[6463,6654,6883],[6466,6706,6828],[5808,6814,7378],[5997,6865,7138],[4510,7689,7801],[4502,7717,7781],[4314,7726,7960],[4269,7814,7917],[4500,7685,7815],[4265,7839,7896],[4276,7705,8019],[4013,7961,8026],[4031,7904,8065],[3947,7901,8152],[3219,8212,8569],[3316,8243,8441],[3864,7837,8299],[3695,8004,8301],[3090,8395,8515],[3376,8207,8417],[2632,8547,8821],[2559,8571,8870],[2557,8599,8844],[2450,8650,8900],[2637,8649,8714],[2309,8776,8915],[2019,8899,9082],[2311,8754,8935],[2117,8892,8991],[1672,9033,9295],[1541,9130,9329],[1561,9205,9234],[1718,9074,9208],[1368,9210,9422],[1756,8959,9285],[1380,9288,9332],[1196,9360,9444],[1174,9398,9428],[1104,9420,9476],[857,9481,9662],[1198,9307,9495],[947,9508,9545],[990,9477,9533],[845,9512,9643],[333,9674,9993],[465,9680,9855],[681,9597,9722],[567,9676,9757],[322,9774,9904],[361,9798,9841],[348,9809,9843],[244,9810,9946],[598,9587,9815],[378,9802,9820],[482,9684,9834],[371,9719,9910],[3410,6671,9919],[228,9831,9941],[325,9694,9981],[48,9957,9995],[49,1564,8916,9471],[80,3063,6967,9890],[127,4535,6106,9232],[234,3237,6556,9973],[242,4468,7450,7840],[345,4351,7079,8225],[358,4807,4868,9967],[386,6454,6462,6698],[399,5171,6979,7451],[475,1203,8716,9606],[488,6421,6479,6612],[519,4452,7208,7821],[613,4509,5283,9595],[647,2444,8269,8640],[717,4921,6754,7608],[752,1736,8223,9289],[888,6168,6207,6737],[889,6293,6301,6517],[892,5320,6687,7101],[893,948,9031,9128],[896,3737,5790,9577],[996,5580,6501,6923],[125,1014,9155,9706],[338,1035,8834,9793],[1148,3817,5632,9403],[875,1188,8597,9340],[1248,4214,6596,7942],[1306,4582,6221,7891],[1218,1313,8592,8877],[1356,5230,5950,7464],[1423,3875,6276,8426],[1613,4003,4970,9414],[1677,2406,7930,7987],[1699,5133,5709,7459],[604,1759,8605,9032],[1823,3189,6366,8622],[1922,2394,5980,9704],[1930,2986,6323,8761],[431,1932,8662,8975],[1071,1951,7247,9731],[961,1982,7387,9670],[758,2082,8253,8907],[2083,5926,5944,6047],[1111,2087,7264,9538],[2155,3782,5197,8866],[2403,4564,6160,6873],[2229,2475,6467,8829],[1788,2568,6702,8942],[975,2584,8049,8392],[2646,4818,4940,7596],[2690,5665,5678,5967],[2716,4671,5463,7150],[2692,2726,6836,7746],[2812,4675,4834,7679],[2891,2963,5167,8979],[2447,2930,5154,9469],[3007,3462,5216,8315],[2922,3019,5407,8652],[3029,4547,4953,7471],[394,3038,6723,9845],[3113,3372,5291,8224],[3138,4120,5503,7239],[3222,5296,5399,6083],[3231,3247,4330,9192],[642,3286,6360,9712],[596,3303,7599,8502],[2615,3327,5982,8076],[3154,3329,4856,8661],[484,3361,6351,9804],[2473,3383,4641,9503],[638,3435,6271,9656],[885,3439,7227,8449],[1928,3459,5086,9527],[343,3485,7844,8328],[1841,3546,7116,7497],[3004,3705,6526,6765],[3716,5250,5255,5779],[831,3733,7663,7773],[3769,5126,5129,5976],[1782,3781,7181,7256],[2657,3868,5637,7838],[2065,3869,4697,9369],[3980,4008,5378,6634],[3387,4041,5525,7047],[116,4148,7863,7873],[550,4225,7437,7788],[2609,3933,4249,9209],[1804,4261,4280,9655],[3498,4655,5061,6786],[2638,4714,5267,7381],[643,4722,4874,9761],[2612,5224,6005,6159],[1042,5438,6371,7149],[2410,4688,5774,7128],[838,6272,6311,6579],[54,153,4087,7692,8014],[59,2893,5207,5814,6027],[67,1854,3187,6039,8853],[96,2741,3555,4537,9071],[131,1619,3788,7091,7371],[260,432,4354,7055,7899],[389,2952,4918,5855,5886],[452,1843,3731,4845,9129],[497,4721,4749,4765,5268],[524,639,3026,6136,9675],[565,1530,4946,5272,7687],[599,1693,2095,7352,8261],[698,2903,3486,4127,8786],[712,2233,4102,6130,6823],[402,731,2947,7217,8703],[765,3089,4454,5106,6586],[729,790,4456,4470,9555],[814,1190,4187,4579,9230],[906,2639,3073,3846,9536],[913,2411,2773,3971,9932],[954,1729,3855,4605,8857],[1088,1592,2426,5102,9792],[1117,2381,3479,3518,9505],[691,1133,4497,4715,8964],[1252,3392,3411,3449,8496],[1255,4363,4402,4411,5569],[1272,1511,4592,6095,6530],[812,1533,4292,4335,9028],[1552,1981,5117,5673,5677],[1557,3027,3355,5401,6660],[1588,2360,2680,6623,6749],[1605,3353,3478,3559,8005],[1614,1675,2477,6515,7719],[558,1649,3172,7213,7408],[1615,1674,2216,5449,9046],[1805,2128,2408,4224,9435],[636,2062,2357,5965,8980],[2035,2067,2778,5563,7557],[1260,2131,3091,6275,7243],[1005,2278,2750,6709,7258],[2317,2548,3024,4122,7989],[43,517,2392,8364,8684],[1532,1562,2675,6103,8128],[2237,3140,3176,5703,5744],[851,3289,3606,4604,7650],[1797,2531,3389,4171,8112],[834,3521,4183,4608,6854],[3582,3756,3765,3779,5118],[829,3615,3640,3670,8246],[1076,2712,3715,4899,7598],[645,2608,3950,6212,6585],[1505,3377,4020,5293,5805],[194,2165,2945,4770,9926],[874,1193,3860,5047,9026],[720,723,4181,5054,9322],[69,4948,4949,4952,5082],[21,708,4657,5097,9517],[2976,2989,3669,5137,5229],[2261,3894,4140,4565,5140],[1335,2257,4460,5248,6700],[2089,2621,3972,5367,5951],[427,2745,5450,5500,5878],[609,2927,4897,5507,6060],[1757,2594,4515,5538,5596],[1425,3226,4450,5271,5628],[602,879,5571,5647,7301],[748,1698,5820,5858,5876],[2322,2383,3472,5859,5964],[1762,2667,3239,5685,6647],[894,2853,4438,4926,6889],[2589,2640,3452,4415,6904],[1371,2107,3934,5505,7083],[2785,2791,2797,3981,7646],[941,3095,3657,4422,7885],[42,1967,3042,6529,8420],[1304,1842,2917,5515,8422],[884,1002,3025,6041,9048],[1986,2040,2580,4010,9384],[142,1488,2090,6831,9449],[1237,2298,2793,4213,9459],[925,2595,2731,4277,9472],[478,2459,3713,3718,9632]]

1: (3) 48 + 9957 + 9995 = 20000
2: (3) 228 + 9831 + 9941 = 20000
3: (3) 244 + 9810 + 9946 = 20000
4: (3) 322 + 9774 + 9904 = 20000
5: (3) 325 + 9694 + 9981 = 20000
6: (3) 333 + 9674 + 9993 = 20000
7: (3) 348 + 9809 + 9843 = 20000
8: (3) 361 + 9798 + 9841 = 20000
9: (3) 371 + 9719 + 9910 = 20000
10: (3) 378 + 9802 + 9820 = 20000
11: (3) 465 + 9680 + 9855 = 20000
12: (3) 482 + 9684 + 9834 = 20000
13: (3) 567 + 9676 + 9757 = 20000
14: (3) 598 + 9587 + 9815 = 20000
15: (3) 681 + 9597 + 9722 = 20000
16: (3) 845 + 9512 + 9643 = 20000
17: (3) 857 + 9481 + 9662 = 20000
18: (3) 947 + 9508 + 9545 = 20000
19: (3) 990 + 9477 + 9533 = 20000
20: (3) 1104 + 9420 + 9476 = 20000
21: (3) 1174 + 9398 + 9428 = 20000
22: (3) 1196 + 9360 + 9444 = 20000
23: (3) 1198 + 9307 + 9495 = 20000
24: (3) 1368 + 9210 + 9422 = 20000
25: (3) 1380 + 9288 + 9332 = 20000
26: (3) 1541 + 9130 + 9329 = 20000
27: (3) 1561 + 9205 + 9234 = 20000
28: (3) 1672 + 9033 + 9295 = 20000
29: (3) 1718 + 9074 + 9208 = 20000
30: (3) 1756 + 8959 + 9285 = 20000
31: (3) 2019 + 8899 + 9082 = 20000
32: (3) 2117 + 8892 + 8991 = 20000
33: (3) 2309 + 8776 + 8915 = 20000
34: (3) 2311 + 8754 + 8935 = 20000
35: (3) 2450 + 8650 + 8900 = 20000
36: (3) 2557 + 8599 + 8844 = 20000
37: (3) 2559 + 8571 + 8870 = 20000
38: (3) 2632 + 8547 + 8821 = 20000
39: (3) 2637 + 8649 + 8714 = 20000
40: (3) 3090 + 8395 + 8515 = 20000
41: (3) 3219 + 8212 + 8569 = 20000
42: (3) 3316 + 8243 + 8441 = 20000
43: (3) 3376 + 8207 + 8417 = 20000
44: (3) 3410 + 6671 + 9919 = 20000
45: (3) 3695 + 8004 + 8301 = 20000
46: (3) 3864 + 7837 + 8299 = 20000
47: (3) 3947 + 7901 + 8152 = 20000
48: (3) 4013 + 7961 + 8026 = 20000
49: (3) 4031 + 7904 + 8065 = 20000
50: (3) 4265 + 7839 + 7896 = 20000
51: (3) 4269 + 7814 + 7917 = 20000
52: (3) 4276 + 7705 + 8019 = 20000
53: (3) 4314 + 7726 + 7960 = 20000
54: (3) 4500 + 7685 + 7815 = 20000
55: (3) 4502 + 7717 + 7781 = 20000
56: (3) 4510 + 7689 + 7801 = 20000
57: (3) 4563 + 7559 + 7878 = 20000
58: (3) 4794 + 7550 + 7656 = 20000
59: (3) 4810 + 7539 + 7651 = 20000
60: (3) 4849 + 7525 + 7626 = 20000
61: (3) 4934 + 7483 + 7583 = 20000
62: (3) 4965 + 7490 + 7545 = 20000
63: (3) 5087 + 7415 + 7498 = 20000
64: (3) 5281 + 7290 + 7429 = 20000
65: (3) 5603 + 7024 + 7373 = 20000
66: (3) 5730 + 7025 + 7245 = 20000
67: (3) 5808 + 6814 + 7378 = 20000
68: (3) 5997 + 6865 + 7138 = 20000
69: (3) 6463 + 6654 + 6883 = 20000
70: (3) 6466 + 6706 + 6828 = 20000
71: (4) 49 + 1564 + 8916 + 9471 = 20000
72: (4) 80 + 3063 + 6967 + 9890 = 20000
73: (4) 116 + 4148 + 7863 + 7873 = 20000
74: (4) 125 + 1014 + 9155 + 9706 = 20000
75: (4) 127 + 4535 + 6106 + 9232 = 20000
76: (4) 234 + 3237 + 6556 + 9973 = 20000
77: (4) 242 + 4468 + 7450 + 7840 = 20000
78: (4) 338 + 1035 + 8834 + 9793 = 20000
79: (4) 343 + 3485 + 7844 + 8328 = 20000
80: (4) 345 + 4351 + 7079 + 8225 = 20000
81: (4) 358 + 4807 + 4868 + 9967 = 20000
82: (4) 386 + 6454 + 6462 + 6698 = 20000
83: (4) 394 + 3038 + 6723 + 9845 = 20000
84: (4) 399 + 5171 + 6979 + 7451 = 20000
85: (4) 431 + 1932 + 8662 + 8975 = 20000
86: (4) 475 + 1203 + 8716 + 9606 = 20000
87: (4) 484 + 3361 + 6351 + 9804 = 20000
88: (4) 488 + 6421 + 6479 + 6612 = 20000
89: (4) 519 + 4452 + 7208 + 7821 = 20000
90: (4) 550 + 4225 + 7437 + 7788 = 20000
91: (4) 596 + 3303 + 7599 + 8502 = 20000
92: (4) 604 + 1759 + 8605 + 9032 = 20000
93: (4) 613 + 4509 + 5283 + 9595 = 20000
94: (4) 638 + 3435 + 6271 + 9656 = 20000
95: (4) 642 + 3286 + 6360 + 9712 = 20000
96: (4) 643 + 4722 + 4874 + 9761 = 20000
97: (4) 647 + 2444 + 8269 + 8640 = 20000
98: (4) 717 + 4921 + 6754 + 7608 = 20000
99: (4) 752 + 1736 + 8223 + 9289 = 20000
100: (4) 758 + 2082 + 8253 + 8907 = 20000
101: (4) 831 + 3733 + 7663 + 7773 = 20000
102: (4) 838 + 6272 + 6311 + 6579 = 20000
103: (4) 875 + 1188 + 8597 + 9340 = 20000
104: (4) 885 + 3439 + 7227 + 8449 = 20000
105: (4) 888 + 6168 + 6207 + 6737 = 20000
106: (4) 889 + 6293 + 6301 + 6517 = 20000
107: (4) 892 + 5320 + 6687 + 7101 = 20000
108: (4) 893 + 948 + 9031 + 9128 = 20000
109: (4) 896 + 3737 + 5790 + 9577 = 20000
110: (4) 961 + 1982 + 7387 + 9670 = 20000
111: (4) 975 + 2584 + 8049 + 8392 = 20000
112: (4) 996 + 5580 + 6501 + 6923 = 20000
113: (4) 1042 + 5438 + 6371 + 7149 = 20000
114: (4) 1071 + 1951 + 7247 + 9731 = 20000
115: (4) 1111 + 2087 + 7264 + 9538 = 20000
116: (4) 1148 + 3817 + 5632 + 9403 = 20000
117: (4) 1218 + 1313 + 8592 + 8877 = 20000
118: (4) 1248 + 4214 + 6596 + 7942 = 20000
119: (4) 1306 + 4582 + 6221 + 7891 = 20000
120: (4) 1356 + 5230 + 5950 + 7464 = 20000
121: (4) 1423 + 3875 + 6276 + 8426 = 20000
122: (4) 1613 + 4003 + 4970 + 9414 = 20000
123: (4) 1677 + 2406 + 7930 + 7987 = 20000
124: (4) 1699 + 5133 + 5709 + 7459 = 20000
125: (4) 1782 + 3781 + 7181 + 7256 = 20000
126: (4) 1788 + 2568 + 6702 + 8942 = 20000
127: (4) 1804 + 4261 + 4280 + 9655 = 20000
128: (4) 1823 + 3189 + 6366 + 8622 = 20000
129: (4) 1841 + 3546 + 7116 + 7497 = 20000
130: (4) 1922 + 2394 + 5980 + 9704 = 20000
131: (4) 1928 + 3459 + 5086 + 9527 = 20000
132: (4) 1930 + 2986 + 6323 + 8761 = 20000
133: (4) 2065 + 3869 + 4697 + 9369 = 20000
134: (4) 2083 + 5926 + 5944 + 6047 = 20000
135: (4) 2155 + 3782 + 5197 + 8866 = 20000
136: (4) 2229 + 2475 + 6467 + 8829 = 20000
137: (4) 2403 + 4564 + 6160 + 6873 = 20000
138: (4) 2410 + 4688 + 5774 + 7128 = 20000
139: (4) 2447 + 2930 + 5154 + 9469 = 20000
140: (4) 2473 + 3383 + 4641 + 9503 = 20000
141: (4) 2609 + 3933 + 4249 + 9209 = 20000
142: (4) 2612 + 5224 + 6005 + 6159 = 20000
143: (4) 2615 + 3327 + 5982 + 8076 = 20000
144: (4) 2638 + 4714 + 5267 + 7381 = 20000
145: (4) 2646 + 4818 + 4940 + 7596 = 20000
146: (4) 2657 + 3868 + 5637 + 7838 = 20000
147: (4) 2690 + 5665 + 5678 + 5967 = 20000
148: (4) 2692 + 2726 + 6836 + 7746 = 20000
149: (4) 2716 + 4671 + 5463 + 7150 = 20000
150: (4) 2812 + 4675 + 4834 + 7679 = 20000
151: (4) 2891 + 2963 + 5167 + 8979 = 20000
152: (4) 2922 + 3019 + 5407 + 8652 = 20000
153: (4) 3004 + 3705 + 6526 + 6765 = 20000
154: (4) 3007 + 3462 + 5216 + 8315 = 20000
155: (4) 3029 + 4547 + 4953 + 7471 = 20000
156: (4) 3113 + 3372 + 5291 + 8224 = 20000
157: (4) 3138 + 4120 + 5503 + 7239 = 20000
158: (4) 3154 + 3329 + 4856 + 8661 = 20000
159: (4) 3222 + 5296 + 5399 + 6083 = 20000
160: (4) 3231 + 3247 + 4330 + 9192 = 20000
161: (4) 3387 + 4041 + 5525 + 7047 = 20000
162: (4) 3498 + 4655 + 5061 + 6786 = 20000
163: (4) 3716 + 5250 + 5255 + 5779 = 20000
164: (4) 3769 + 5126 + 5129 + 5976 = 20000
165: (4) 3980 + 4008 + 5378 + 6634 = 20000
166: (5) 21 + 708 + 4657 + 5097 + 9517 = 20000
167: (5) 42 + 1967 + 3042 + 6529 + 8420 = 20000
168: (5) 43 + 517 + 2392 + 8364 + 8684 = 20000
169: (5) 54 + 153 + 4087 + 7692 + 8014 = 20000
170: (5) 59 + 2893 + 5207 + 5814 + 6027 = 20000
171: (5) 67 + 1854 + 3187 + 6039 + 8853 = 20000
172: (5) 69 + 4948 + 4949 + 4952 + 5082 = 20000
173: (5) 96 + 2741 + 3555 + 4537 + 9071 = 20000
174: (5) 131 + 1619 + 3788 + 7091 + 7371 = 20000
175: (5) 142 + 1488 + 2090 + 6831 + 9449 = 20000
176: (5) 194 + 2165 + 2945 + 4770 + 9926 = 20000
177: (5) 260 + 432 + 4354 + 7055 + 7899 = 20000
178: (5) 389 + 2952 + 4918 + 5855 + 5886 = 20000
179: (5) 402 + 731 + 2947 + 7217 + 8703 = 20000
180: (5) 427 + 2745 + 5450 + 5500 + 5878 = 20000
181: (5) 452 + 1843 + 3731 + 4845 + 9129 = 20000
182: (5) 478 + 2459 + 3713 + 3718 + 9632 = 20000
183: (5) 497 + 4721 + 4749 + 4765 + 5268 = 20000
184: (5) 524 + 639 + 3026 + 6136 + 9675 = 20000
185: (5) 558 + 1649 + 3172 + 7213 + 7408 = 20000
186: (5) 565 + 1530 + 4946 + 5272 + 7687 = 20000
187: (5) 599 + 1693 + 2095 + 7352 + 8261 = 20000
188: (5) 602 + 879 + 5571 + 5647 + 7301 = 20000
189: (5) 609 + 2927 + 4897 + 5507 + 6060 = 20000
190: (5) 636 + 2062 + 2357 + 5965 + 8980 = 20000
191: (5) 645 + 2608 + 3950 + 6212 + 6585 = 20000
192: (5) 691 + 1133 + 4497 + 4715 + 8964 = 20000
193: (5) 698 + 2903 + 3486 + 4127 + 8786 = 20000
194: (5) 712 + 2233 + 4102 + 6130 + 6823 = 20000
195: (5) 720 + 723 + 4181 + 5054 + 9322 = 20000
196: (5) 729 + 790 + 4456 + 4470 + 9555 = 20000
197: (5) 748 + 1698 + 5820 + 5858 + 5876 = 20000
198: (5) 765 + 3089 + 4454 + 5106 + 6586 = 20000
199: (5) 812 + 1533 + 4292 + 4335 + 9028 = 20000
200: (5) 814 + 1190 + 4187 + 4579 + 9230 = 20000
201: (5) 829 + 3615 + 3640 + 3670 + 8246 = 20000
202: (5) 834 + 3521 + 4183 + 4608 + 6854 = 20000
203: (5) 851 + 3289 + 3606 + 4604 + 7650 = 20000
204: (5) 874 + 1193 + 3860 + 5047 + 9026 = 20000
205: (5) 884 + 1002 + 3025 + 6041 + 9048 = 20000
206: (5) 894 + 2853 + 4438 + 4926 + 6889 = 20000
207: (5) 906 + 2639 + 3073 + 3846 + 9536 = 20000
208: (5) 913 + 2411 + 2773 + 3971 + 9932 = 20000
209: (5) 925 + 2595 + 2731 + 4277 + 9472 = 20000
210: (5) 941 + 3095 + 3657 + 4422 + 7885 = 20000
211: (5) 954 + 1729 + 3855 + 4605 + 8857 = 20000
212: (5) 1005 + 2278 + 2750 + 6709 + 7258 = 20000
213: (5) 1076 + 2712 + 3715 + 4899 + 7598 = 20000
214: (5) 1088 + 1592 + 2426 + 5102 + 9792 = 20000
215: (5) 1117 + 2381 + 3479 + 3518 + 9505 = 20000
216: (5) 1237 + 2298 + 2793 + 4213 + 9459 = 20000
217: (5) 1252 + 3392 + 3411 + 3449 + 8496 = 20000
218: (5) 1255 + 4363 + 4402 + 4411 + 5569 = 20000
219: (5) 1260 + 2131 + 3091 + 6275 + 7243 = 20000
220: (5) 1272 + 1511 + 4592 + 6095 + 6530 = 20000
221: (5) 1304 + 1842 + 2917 + 5515 + 8422 = 20000
222: (5) 1335 + 2257 + 4460 + 5248 + 6700 = 20000
223: (5) 1371 + 2107 + 3934 + 5505 + 7083 = 20000
224: (5) 1425 + 3226 + 4450 + 5271 + 5628 = 20000
225: (5) 1505 + 3377 + 4020 + 5293 + 5805 = 20000
226: (5) 1532 + 1562 + 2675 + 6103 + 8128 = 20000
227: (5) 1552 + 1981 + 5117 + 5673 + 5677 = 20000
228: (5) 1557 + 3027 + 3355 + 5401 + 6660 = 20000
229: (5) 1588 + 2360 + 2680 + 6623 + 6749 = 20000
230: (5) 1605 + 3353 + 3478 + 3559 + 8005 = 20000
231: (5) 1614 + 1675 + 2477 + 6515 + 7719 = 20000
232: (5) 1615 + 1674 + 2216 + 5449 + 9046 = 20000
233: (5) 1757 + 2594 + 4515 + 5538 + 5596 = 20000
234: (5) 1762 + 2667 + 3239 + 5685 + 6647 = 20000
235: (5) 1797 + 2531 + 3389 + 4171 + 8112 = 20000
236: (5) 1805 + 2128 + 2408 + 4224 + 9435 = 20000
237: (5) 1986 + 2040 + 2580 + 4010 + 9384 = 20000
238: (5) 2035 + 2067 + 2778 + 5563 + 7557 = 20000
239: (5) 2089 + 2621 + 3972 + 5367 + 5951 = 20000
240: (5) 2237 + 3140 + 3176 + 5703 + 5744 = 20000
241: (5) 2261 + 3894 + 4140 + 4565 + 5140 = 20000
242: (5) 2317 + 2548 + 3024 + 4122 + 7989 = 20000
243: (5) 2322 + 2383 + 3472 + 5859 + 5964 = 20000
244: (5) 2589 + 2640 + 3452 + 4415 + 6904 = 20000
245: (5) 2785 + 2791 + 2797 + 3981 + 7646 = 20000
246: (5) 2976 + 2989 + 3669 + 5137 + 5229 = 20000
247: (5) 3582 + 3756 + 3765 + 3779 + 5118 = 20000